14 14
tile 1 4 1 5 1 6 1 7 1 8 1 9 2 4 2 6 2 7 2 9 3 4 3 5 3 6 3 7 3 8 3 9 4 4 4 5 4 6 4 7 4 9 5 4 5 5 5 6 5 7 5 8 5 9
grass 4 0 5 2 0 12 3 11
wall 0 3 0 4 0 5 0 6 0 7 0 8 0 9 0 10 1 10 2 10 3 10 4 10 5 10 6 10 6 11 6 12 6 13 7 13 8 13 9 13 10 13 11 13 12 13 13 13 13 12 13 11 13 10 13 9 13 8 13 7 13 6 13 5 13 4 13 3 13 2 13 1 13 0 12 0 11 0 10 0 9 0 8 0 7 0 6 0 6 1 6 2 6 3 5 3 4 3 3 3 2 3 1 3 6 9 6 8 6 7 7 7 8 7 9 7 11 7 12 7 10 5
baba 2 5
rock 2 8 4 8
flag 12 1
water 6 4 6 5 6 6 10 1 11 1 10 2 11 2 12 2 10 3 11 3 12 3
text_baba 0 0
text_you 0 2
text_wall 1 0
text_stop 1 2
text_water 2 0
text_sink 2 2
text_rock 8 9
text_push 8 11
text_flag 11 9
text_win 11 11
text_is 0 1 1 1 2 1 8 10 11 10