14 24
tile 5 7 5 8 5 9 6 7 6 9 7 7 7 8 7 9 2 16 2 17 2 18 3 16 3 18 4 16 4 17 4 18
grass 10 1 9 2 10 2 11 2 10 3 11 3 0 5 0 6 1 6 0 7 1 7 0 8 0 9 0 21 0 22 0 23 1 22 1 23 2 23 12 21 12 22 13 19 13 20 13 21 13 22 13 23
flower 7 3 1 8 5 22 9 21 10 19 12 17
brick 2 9 3 9 3 8 6 16 6 17 8 16 8 17 9 16
wall 4 6 4 7 4 8 4 9 4 10 5 10 3 10 2 10 1 10 1 11 1 13 1 14 1 15 2 15 1 16 1 17 1 18 1 19 2 19 3 19 4 19 5 19 5 18 5 17 5 16 5 15 4 15 6 15 6 14 6 13 8 15 9 15 10 15 11 15 11 14 11 13 11 12 11 11 11 10 10 10 9 10 8 10 7 10 8 9 8 8 8 7 8 6 7 6 6 6 5 6
rock 6 0 6 1 6 2 6 3 6 4 5 4 4 4 3 4 2 4 1 4 0 4
skull 0 12 1 12 2 12 3 12 4 12 5 12 6 12 7 12 7 13 7 14 7 15 7 16 7 17 7 18 7 19 7 20 7 21 7 22 7 23
baba 6 8
flag 3 17
text_rock 0 0
text_stop 0 2
text_skull 2 0
text_defeat 2 2
text_flag 4 0
text_win 4 2
text_baba 10 8
text_you 12 8
text_wall 9 12
text_stop 9 14
text_is 0 1 2 1 4 1 11 8 9 13