16 28
algae 0 1 1 0 12 0 14 0 15 0 15 1 15 7 15 25 14 22 14 23 14 24 13 15 0 21 0 22 1 25 2 26
jelly 14 19 12 23 3 24
tile 4 5 4 6 4 7 5 5 5 7 7 5 7 7 8 5 8 6 8 7 7 22 8 22 9 22 8 23 7 24 8 24 9 24
baba 8 23
wall 3 4 3 5 3 6 3 7 3 8 4 8 5 8 5 9 5 10 2 8 2 9 2 10 2 11 2 12 2 13 2 14 2 15 2 16 2 17 2 18 2 19 2 20 3 20 4 20 5 20 6 20 6 21 6 22 6 23 7 23 6 24 6 25 7 25 8 25 9 25 10 25 10 24 10 23 9 23 10 22 10 21 9 21 8 21 8 20 9 20 10 20 11 20 12 20 12 19 12 18 12 17 12 16 12 15 12 14 12 13 12 12 12 11 12 10 12 9 12 8 11 8 10 8 9 8 9 7 10 7 11 7 12 7 12 6 12 5 11 5 10 5 9 5 9 4 8 4 7 4 6 4 5 4 4 4 8 8 7 8 7 9 7 10
rock 9 13 7 21
pillar 6 10
skull 6 8
crab 6 2
flag 11 3
text_baba 9 6
text_you 11 6
text_flag 13 2
text_win 13 4
text_skull 2 5
text_defeat 2 7
text_crab 6 6
text_pillar 5 13
text_sink 5 15
text_rock 7 13
text_push 7 15
text_and 9 15
text_wall 5 21
text_stop 5 23
text_is 10 6 13 3 2 6 5 14 7 14 5 22